+91 96084 38896
+91 87971 21738
+91 91282 03310
+91 98354 97161
+91 62010 23326
+91 96504 14015
+91 62047 48118
+91 97097 02155
+91 79 7906 2299
+91 91131 33592
+91 62029 07932
+91 93047 51997
+91 93416 49030
+91 80928 37162
+91 90063 70756
+91 62059 99481
+91 82929 59006
+91 62046 54764
+91 62075 86678
+91 93049 15183
+91 97989 08100
+91 84058 87334
+91 62028 30731
+91 62066 62415
+91 78568 06389
+91 72929 06019
+91 62078 48278
+91 821 067 4407
+91 82522 31102
+91 97716 96900
+91 79030 70790
+91 63858 19782
+91 79 7901 9688
+91 99345 46278
+91 96614 05997
+91 62070 84453
+91 78589 78955
+91 82529 92496
+91 99317 00054
+91 62007 36240
+91 7463 013 596
+91 86511 24409
+91 87576 83805
+91 91627 81256
+91 97981 48953
+91 7481 894 099
+91 99395 92080
+91 80511 35180
+91 86035 85169
+91 70041 09925
+91 63632 02530
+91 99054 57453
+91 88620 24347
+91 92623 24928
+91 62038 74055
+91 62042 46598
+91 84097 87693
+91 95469 87312
+91 99348 45394
+91 821 041 0789
+91 99558 32992
+91 97710 33096
+91 82923 57511
+91 63825 57556
+91 62005 14440
+91 99429 54369
+91 99310 77480
+91 82923 09172
+91 99550 83372
+91 87574 16088
+91 78706 47632
+91 92897 72167
+91 83779 69872
+91 72549 51350
+91 62054 15113
+91 97985 40132
+91 82922 32425
+91 751 945 1799
+91 95721 80043
+91 6299 391 729
+91 84343 39844
+91 96081 45895
+91 91425 27274
+91 92796 06453
+91 70614 49711
+91 77810 02970
+91 95231 94871
+91 88734 89188
+91 84349 66183
+91 76671 49501
+91 93046 42310
+91 91429 68512
+91 99395 14584
+91 81027 98199
+91 91061 45876
+91 91996 21921
+91 84344 38195
+91 73688 53437
+91 90065 44987
+91 91101 91310
+91 76679 16812
+91 92149 14439
+91 95238 51070
+91 99318 00340
+91 70707 24121
+91 95251 10470
+91 821 005 8751
+91 79037 95800
+91 70610 35608
+91 62000 21760
+91 82711 21553
+91 99318 38945
+91 91515 72280
+91 93049 73828
+91 78590 29571
+91 731 990 2384
+91 95466 98116
+91 76673 20765
+91 96315 43399
+91 70619 93855
+91 83405 26287
+91 90658 61148
+91 77830 83225
+91 80511 34500
+91 99552 72065
+91 99399 38324
+91 91224 26854
+91 90606 01688
+91 80025 63095
+91 92413 20225
+91 98019 34081
+91 75420 98898
+91 72588 10776
+91 62017 27362
+91 79032 60156
+91 77394 63228
+91 90173 41903
+91 84348 82856
+91 91425 79427
+91 84090 05820
+91 99343 53005
+91 62046 56348
+91 92976 56375
+91 95259 41205
+91 821 090 6202
+91 76778 33715
+91 70044 91832
+91 90656 12543
+91 96619 29205
+91 761 958 1201
+91 98770 73725
+91 7481 049 774
+91 82924 33018
+91 98350 98531
+91 79037 27469
+91 99316 96019
+91 7321 880 799
+91 80511 56090
+91 77799 35723
+91 99398 69580
+91 87450 85403
+91 82710 26222
+91 76668 39920
+91 76676 74504
+91 70111 32658
+91 87574 57671
+91 95720 37239
+91 70702 15677
+91 76677 44720
+91 98013 13130
+91 82718 47135
+91 79031 37753
+91 62038 33139
+91 95726 98175
+91 92349 18949
+91 70705 88362
+91 870 961 5587
+91 878 908 3941
+91 96933 67663
+91 62055 76436
+91 95234 32136
+91 87578 42221
+91 821 058 9877
+91 99345 74658
+91 62045 09886
+91 79827 28562
+91 97713 89168
+91 62035 86319
+91 62006 71793
+91 78569 10035
+91 76672 60298
+91 99559 67290
+91 836 809 6045
+91 92345 13813
+91 82288 79242
+91 72739 12119
+91 76674 02488
+91 95464 03234
+91 62057 47884
+91 95044 39740
+91 62065 24967
+91 81023 81154
+91 91629 72677
+91 70501 60390
+91 88025 38366
+91 86768 21999
+91 78568 33517
+91 98015 01169
+91 73668 86647
+91 93139 69449
+91 62045 24449
+91 7488 500 369
+91 95609 41309
+91 733 064 5096
+91 95723 05332
+91 62011 14147
+91 63713 68483
+91 86036 38342
+91 76670 94262
+91 79 7994 4923
+91 90654 31376
+91 99310 58741
+91 99558 72667
+91 62000 68281
+91 6299 253 357